"x"
319
486
495
991
1129
1132
1136
1172
1178
1182
1185
1188
1189
1196
1221
1222
1223
1227
1233
1237
1240
1241
1282
1283
1289
1297
1299
1326
1330
1332
1456
1458
1586
1588
1590
1591
1592
1593
1614
1639
1668
1669
1670
1713
1715
1728
1737
1777
1778
1779
1782
1814
1815
1817
1822
1827
1840
1841
1853
1854
1855
1856
1857
1860
1921
1924
1978
1985
1986
1989
1996
2006
2007
2031
2042
2055
2070
2079
2083
2084
2089
2147
2148
2168
2174
2178
2179
2222
2224
2303
2307
2331
2337
2351
2388
2391
2416
2423
2471
2476
2477
2478
2489
2591
2629
2682
2713
2714
2716
2717
2718
2775
2834
2857
2969
2970
2971
2977
3035
3040
3057
3058
3059
3060
3065
3069
3070
3071
3072
3073
3074
3075
3076
3077
3078
3079
3080
3081
3082
3083
3084
3085
3086
3087
3088
3089
3090
3091
3092
3125
3152
3153
3204
3207
3208
3235
3237
3243
3256
3261
3262
3299
3300
3312
3340
3381
3425
3428
3430
3431
3567
3568
3574
3577
3579
3580
3581
3585
3616
3641
3703
3710
3737
3742
3743
3745
3763
3764
3803
3857
3862
3865
3866
3869
3870
3872
3878
3879
3880
3894
3895
3922
3951
3955
3965
3969
4004
4005
4029
4030
4031
4033
4054
4055
4056
4110
4277
4279
4370
4519
4630
